-76.657171074219306, 37.106898430050002
-76.658418074358906, 37.1033144294503
-76.657673073849693, 37.1015124287348
-76.657111073747501, 37.099807428909202
-76.658112074188907, 37.0967944277904
-76.667648076003999, 37.076235422930999
-76.669824075650297, 37.064267420610499
-76.669946075681295, 37.059892419378301
-76.668352074266096, 37.055067418942699
-76.666262074105205, 37.050219417458699
-76.662560071975307, 37.045755416732597
-76.659131070889998, 37.042441416211801
-76.654654714555605, 37.039595601983898
-76.654000069035504, 37.039179415461
-76.646015066905406, 37.036235415151701
-76.638453064742194, 37.035421415476002
-76.612126056639298, 37.035611416197298
-76.603561053698499, 37.033318416388198
-76.600068052504398, 37.033049416638001
-76.586493047998005, 37.028747415663503
-76.5809930460712, 37.024946415135702
-76.577964044687207, 37.021949414896298
-76.577251044775096, 37.0203364148405
-76.576062044170499, 37.015402413836298
-76.577488044592698, 37.013029412672601
-76.579984045297095, 37.011986412831298
-76.581113045429603, 37.0097694126096
-76.583549045956602, 37.007051411616203
-76.582175105239799, 37.004491410879503
-76.582123045263899, 37.004394410884302
-76.579517004036205, 36.999054553897501
-76.579390043991907, 36.998794409656703
-76.576790591457794, 36.998258855261099
-76.575706042897806, 36.998035409695802
-76.571665041474404, 36.998320410448002
-76.570709891984606, 36.999540878888801
-76.570477041263104, 36.999838410665397
-76.570239042007501, 37.001736410467501
-76.569407041231003, 37.003160410814502
-76.5661990407324, 37.003919411912797
-76.562925039820698, 37.003803411148702
-76.556929037459895, 37.002021411539999
-76.551248035264194, 36.998953410800397
-76.548373034759507, 36.996421410513101
-76.545402033378593, 36.993574410025502
-76.543500033066394, 36.990821409358901
-76.540648031829207, 36.988258409433101
-76.534112029513295, 36.985221408360097
-76.524855026872004, 36.983840408554499
-76.522973025690106, 36.981092408118599
-76.524144025944693, 36.978323407503801
-76.521008024875698, 36.973194406524897
-76.517593023646995, 36.971835406637403
-76.513365022318197, 36.968064405654701
-76.511647600845905, 36.967688785795602
-76.500357018132803, 36.965219405604799
-76.495964016528603, 36.964998405681498
-76.490526014627997, 36.9647654055513
-76.489186014327595, 36.964705405678198
-76.487851013670196, 36.964646405511199
-76.482408011769598, 36.964412405381002
-76.478016010165406, 36.9641924054577
-76.4746000089367, 36.962833405570201
-76.472300008272499, 36.961887405725302
-76.470600007608305, 36.960941405880397
-76.468900006944095, 36.959995406035499
-76.467200006279896, 36.9590494061906
-76.465500005615706, 36.958103406345701
-76.463800004951507, 36.957157406500802
-76.462100004287307, 36.956211406655903
-76.460400003623108, 36.955265406811004
-76.458700002958899, 36.954319406966105
-76.457000002294699, 36.9533734071212
-76.4553000016305, 36.952427407276301
-76.4536000009663, 36.951481407431402
-76.451899000302101, 36.950535407586503
-76.450198999637902, 36.949589407741604
-76.448498998973702, 36.948643407896705
-76.446798998309503, 36.947697408051806
-76.445098997645303, 36.946751408206907
-76.443398996981104, 36.945805408362008
-76.441698996316905, 36.944859408517109
-76.439998995652705, 36.94391340867221
-76.438298994988506, 36.942967408827311
-76.436598994324306, 36.942021408982412
-76.434898993660107, 36.941075409137513
-76.433198992995907, 36.940129409292614
-76.431498992331708, 36.939183409447715
-76.429798991667509, 36.938237409602816
-76.428098991003309, 36.937291409757917
-76.42639899033911, 36.936345409913018
-76.42469898967491, 36.935399410068119
-76.422998989010711, 36.93445341022322
-76.421298988346511, 36.933507410378321
-76.419598987682312, 36.932561410533422
-76.417898987018112, 36.931615410688523
-76.416198986353913, 36.930669410843624
-76.414498985689713, 36.929723410998725
-76.412798985025514, 36.928777411153826
-76.411098984361315, 36.927831411308927
-76.409398983697115, 36.926885411464028
-76.407698983032916, 36.925939411619129
-76.405998982368716, 36.92499341177423
-76.404298981704517, 36.924047411929331
-76.402598981040317, 36.923101412084432
-76.400898980376118, 36.922155412239533
-76.399198979711918, 36.921209412394634
-76.397498979047719, 36.920263412549735
-76.39579897838352, 36.919317412704836
-76.39409897771932, 36.918371412859937
-76.392398977055121, 36.917425413015038
-76.390698976390921, 36.916479413170139
-76.388998975726722, 36.91553341332524
-76.387298975062522, 36.914587413480341
-76.385598974398323, 36.913641413635442
-76.383898973734123, 36.912695413790543
-76.382198973069924, 36.911749413945644
-76.380498972405725, 36.910803414100745
-76.378798971741525, 36.909857414255846
-76.377098971077326, 36.908911414410947
-76.375398970413126, 36.907965414566048
-76.373698969748927, 36.907019414721149
-76.371998969084727, 36.90607341487625
-76.370298968420528, 36.905127415031351
-76.368598967756328, 36.904181415186452
-76.366898967092129, 36.903235415341553
-76.36519896642793, 36.902289415496654
-76.36349896576373, 36.901343415651755
-76.361798965099531, 36.900397415806856
-76.360098964435331, 36.899451415961957
-76.358398963771132, 36.898505416117058
-76.356698963106932, 36.897559416272159
-76.354998962442733, 36.89661341642726
-76.353298961778533, 36.895667416582361
-76.351598961114334, 36.894721416737462
-76.349898960450135, 36.893775416892563
-76.348198959785935, 36.892829417047664
-76.346498959121736, 36.891883417202765
-76.344798958457536, 36.890937417357866
-76.343098957793337, 36.889991417512967
-76.341398957129137, 36.889045417668068
-76.339698956464938, 36.888099417823169
-76.337998955800738, 36.88715341797827
-76.336298955136539, 36.886207418133371
-76.33459895447234, 36.885261418288472
-76.33289895380814, 36.884315418443573
-76.331198953143941, 36.883369418598674
-76.329498952479741, 36.882423418753775
-76.327798951815542, 36.881477418908876
-76.326098951151342, 36.880531419063977
-76.324398950487143, 36.879585419219078
-76.322698949822943, 36.878639419374179
-76.320998949158744, 36.87769341952928
-76.319298948494545, 36.876747419684381
-76.317598947830345, 36.875801419839482
-76.315898947166146, 36.874855419994583
-76.314198946501946, 36.873909420149684
-76.312498945837747, 36.872963420304785
-76.310798945173547, 36.872017420459886
-76.309098944509348, 36.871071420614987
-76.307398943845148, 36.870125420770088
-76.305698943180949, 36.869179420925189
-76.30399894251675, 36.86823342108029
-76.30229894185255, 36.867287421235391
-76.300598941188351, 36.866341421390492
-76.298898940524151, 36.865395421545593
-76.297198939859952, 36.864449421700694
-76.295498939195752, 36.863503421855795
-76.293798938531553, 36.862557422010896
-76.292098937867353, 36.861611422165997
-76.290398937203154, 36.860665422321098
-76.288698936538955, 36.859719422476199
-76.286998935874755, 36.8587734226313
-76.285298935210556, 36.857827422786401
-76.283598934546356, 36.856881422941502
-76.281898933882157, 36.855935423096603
-76.280198933217957, 36.854989423251704
-76.278498932553758, 36.854043423406805
-76.276798931889558, 36.853097423561906
-76.275098931225359, 36.852151423717007
-76.27339893056116, 36.851205423872108
-76.27169892989696, 36.850259424027209
-76.269998929232761, 36.84931342418231
-76.268298928568561, 36.848367424337411
-76.266598927904362, 36.847421424492512
-76.264898927240162, 36.846475424647613
-76.263198926575963, 36.845529424802714
-76.261498925911763, 36.844583424957815
-76.259798925247564, 36.843637425112916
-76.258098924583365, 36.842691425268017
-76.256398923919165, 36.841745425423118
-76.254698923254966, 36.840799425578219
-76.252998922590766, 36.83985342573332
-76.251298921926567, 36.838907425888421
-76.249598921262367, 36.837961426043522
-76.247898920598168, 36.837015426198623
-76.246198919933968, 36.836069426353724
-76.244498919269769, 36.835123426508825
-76.24279891860557, 36.834177426663926
-76.24109891794137, 36.833231426819027
-76.239398917277171, 36.832285426974128
-76.237698916612971, 36.831339427129229
-76.235998915948772, 36.83039342728433
-76.234298915284572, 36.829447427439431
-76.232598914620373, 36.828501427594532
-76.230898913956173, 36.827555427749633
-76.229198913291974, 36.826609427904734
-76.227498912627775, 36.825663428059835
-76.225798911963575, 36.824717428214936
-76.224098911299376, 36.823771428370037
-76.222398910635176, 36.822825428525138
-76.220698909970977, 36.821879428680239
-76.218998909306777, 36.82093342883534
-76.217298908642578, 36.819987428990441
-76.215598907978378, 36.819041429145542
-76.213898907314179, 36.818095429300643
-76.21219890664998, 36.817149429455744
-76.21049890598578, 36.816203429610845
-76.208798905321581, 36.815257429765946
-76.207098904657381, 36.814311429921047
-76.205398903993182, 36.813365430076148
-76.203698903328982, 36.812419430231249
-76.201998902664783, 36.81147343038635
-76.200298902000583, 36.810527430541451
-76.198598901336384, 36.809581430696552
-76.196898900672185, 36.808635430851653
-76.195198900007985, 36.807689431006754
-76.193498899343786, 36.806743431161855
-76.191798898679586, 36.805797431316956
-76.190098898015387, 36.804851431472057
-76.188398897351187, 36.803905431627158
-76.186698896686988, 36.802959431782259
-76.184998896022788, 36.80201343193736
-76.183298895358589, 36.801067432092461
-76.18159889469439, 36.800121432247562
-76.17989889403019, 36.799175432402663
-76.178198893365991, 36.798229432557764
-76.176498892701791, 36.797283432712865
-76.174798892037592, 36.796337432867966
-76.173098891373392, 36.795391433023067
-76.171398890709193, 36.794445433178168
-76.169698890044993, 36.793499433333269
-76.167998889380794, 36.79255343348837
-76.166298888716595, 36.791607433643471
-76.164598888052395, 36.790661433798572
-76.162898887388196, 36.789715433953673
-76.161198886723996, 36.788769434108774
-76.159498886059797, 36.787823434263875
-76.157798885395597, 36.786877434418976
-76.156098884731398, 36.785931434574077
-76.154398884067198, 36.784985434729178
-76.152698883402999, 36.784039434884279
-76.1509988827388, 36.78309343503938
-76.1492988820746, 36.782147435194481
-76.147598881410401, 36.781201435349582
-76.145898880746201, 36.780255435504683
-76.144198880082002, 36.779309435659784
-76.142498879417802, 36.778363435814885
-76.140798878753603, 36.777417435969986
-76.139098878089403, 36.776471436125087
-76.137398877425204, 36.775525436280188
-76.135698876761005, 36.774579436435289
-76.133998876096805, 36.77363343659039
-76.132298875432606, 36.772687436745491
-76.130598874768406, 36.771741436900592
-76.128898874104207, 36.770795437055693
-76.127198873440007, 36.769849437210794
-76.125498872775808, 36.768903437365895
-76.123798872111608, 36.767957437520996
-76.122098871447409, 36.767011437676097
-76.12039887078321, 36.766065437831198
-76.11869887011901, 36.765119437986299
-76.116998869454811, 36.7641734381414
-76.115298868790611, 36.763227438296501
-76.113598868126412, 36.762281438451602
-76.111898867462212, 36.761335438606703
-76.110198866798013, 36.760389438761804
-76.108498866133813, 36.759443438916905
-76.106798865469614, 36.758497439072006
-76.105098864805415, 36.757551439227107
-76.103398864141215, 36.756605439382208
-76.101698863477016, 36.755659439537309
-76.099998862812816, 36.75471343969241
-76.098298862148617, 36.753767439847511
-76.096598861484417, 36.752821440002612
-76.094898860820218, 36.751875440157713
-76.093198860156018, 36.750929440312814
-76.091498859491819, 36.749983440467915
-76.08979885882762, 36.749037440623016
-76.08809885816342, 36.748091440778117
-76.086398857499221, 36.747145440933218
-76.084698856835021, 36.746199441088319
-76.082998856170822, 36.74525344124342
-76.081298855506622, 36.744307441398521
-76.079598854842423, 36.743361441553622
-76.077898854178223, 36.742415441708723
-76.076198853514024, 36.741469441863824
-76.074498852849825, 36.740523442018925
-76.072798852185625, 36.739577442174026
-76.071098851521426, 36.738631442329127
-76.069398850857226, 36.737685442484228
-76.067698850193027, 36.736739442639329
-76.065998849528827, 36.73579344279443
-76.064298848864628, 36.734847442949531
-76.062598848200428, 36.733901443104632
-76.060898847536229, 36.732955443259733
-76.05919884687203, 36.732009443414834
-76.05749884620783, 36.731063443569935
-76.055798845543631, 36.730117443725036
-76.054098844879431, 36.729171443880137
-76.052398844215232, 36.728225444035238
-76.050698843551032, 36.727279444190339
-76.048998842886833, 36.72633344434544
-76.047298842222633, 36.725387444500541
-76.045598841558434, 36.724441444655642
-76.043898840894235, 36.723495444810743
-76.042198840230035, 36.722549444965844
-76.040498839565836, 36.721603445120945
-76.038798838901636, 36.720657445276046
-76.037098838237437, 36.719711445431147
-76.035398837573237, 36.718765445586248
-76.033698836909038, 36.717819445741349
-76.031998836244838, 36.71687344589645
-76.030298835580639, 36.715927446051551
-76.02859883491644, 36.714981446206652
-76.02689883425224, 36.714035446361753
-76.025198833588041, 36.713089446516854
-76.023498832923841, 36.712143446671955
-76.021798832259642, 36.711197446827056
-76.020098831595442, 36.710251446982157
-76.018398830931243, 36.709305447137258
-76.016698830267043, 36.708359447292359
-76.014998829602844, 36.70741344744746
-76.013298828938645, 36.706467447602561
-76.011598828274445, 36.705521447757662
-76.009898827610246, 36.704575447912763
-76.008198826946046, 36.703629448067864
-76.006498826281847, 36.702683448222965
-76.004798825617647, 36.701737448378066
-76.003098824953448, 36.700791448533167
-76.001398824289248, 36.699845448688268
-75.999698823625049, 36.698899448843369
-75.99799882296085, 36.69795344899847
-75.99629882229665, 36.697007449153571
-75.994598821632451, 36.696061449308672
-75.992898820968251, 36.695115449463773
-75.991198820304052, 36.694169449618874
-75.989498819639852, 36.693223449773975
-75.987798818975653, 36.692277449929076
-75.986098818311453, 36.691331450084177
-75.984398817647254, 36.690385450239278
-75.982698816983055, 36.689439450394379
-75.980998816318855, 36.68849345054948
-75.979298815654656, 36.687547450704581
-75.977598814990456, 36.686601450859682
-75.975898814326257, 36.685655451014783
-75.974198813662057, 36.684709451169884
-75.972498812997858, 36.683763451324985
-75.970798812333658, 36.682817451480086
-75.969098811669459, 36.681871451635187
-75.96739881100526, 36.680925451790288
-75.96569881034106, 36.679979451945389
-75.963998809676861, 36.67903345210049
-75.962298809012661, 36.678087452255591
-75.960598808348462, 36.677141452410692
-75.958898807684262, 36.676195452565793
-75.957198807020063, 36.675249452720894
-75.955498806355863, 36.674303452875995
-75.953798805691664, 36.673357453031096
-75.952098805027465, 36.672411453186197
-75.950398804363265, 36.671465453341298
-75.948698803699066, 36.670519453496399
-75.946998803034866, 36.6695734536515
-75.945298802370667, 36.668627453806601
-75.943598801706467, 36.667681453961702
-75.941898801042268, 36.666735454116803
-75.940198800378068, 36.665789454271904
-75.938498799713869, 36.664843454427005
-75.93679879904967, 36.663897454582106
-75.93509879838547, 36.662951454737207
-75.933398797721271, 36.662005454892308
-75.931698797057071, 36.661059455047409
-75.929998796392872, 36.66011345520251
-75.928298795728672, 36.659167455357611
-75.926598795064473, 36.658221455512712
-75.924898794400273, 36.657275455667813
-75.923198793736074, 36.656329455822914
-75.921498793071875, 36.655383455978015
-75.919798792407675, 36.654437456133116
-75.918098791743476, 36.653491456288217
-75.916398791079276, 36.652545456443318
-75.914698790415077, 36.651599456598419
-75.912998789750877, 36.65065345675352
-75.911298789086678, 36.649707456908621
-75.909598788422478, 36.648761457063722
-75.907898787758279, 36.647815457218823
-75.90619878709408, 36.646869457373924
-75.90449878642988, 36.645923457529025
-75.902798785765681, 36.644977457684126
-75.901098785101481, 36.644031457839227
-75.899398784437282, 36.643085457994328
-75.897698783773082, 36.642139458149429
-75.895998783108883, 36.64119345830453
-75.894298782444683, 36.640247458459631
-75.892598781780484, 36.639301458614732
-75.890898781116285, 36.638355458769833
-75.889198780452085, 36.637409458924934
-75.887498779787886, 36.636463459080035
-75.885798779123686, 36.635517459235136
-75.884098778459487, 36.634571459390237
-75.882398777795287, 36.633625459545338
-75.880698777131088, 36.632679459700439
-75.878998776466888, 36.63173345985554
-75.877298775802689, 36.630787460010641
-75.87559877513849, 36.629841460165742
-75.87389877447429, 36.628895460320843
-75.872198773810091, 36.627949460475944
-75.870498773145891, 36.627003460631045
-75.868798772481692, 36.626057460786146
-75.867098771817492, 36.625111460941247
-75.865398771153293, 36.624165461096348
-75.863698770489093, 36.623219461251449
-75.861998769824894, 36.62227346140655
-75.860298769160695, 36.621327461561651
-75.858598768496495, 36.620381461716752
-75.856898767832296, 36.619435461871853
-75.855198767168096, 36.618489462026954
-75.853498766503897, 36.617543462182055
-75.851798765839697, 36.616597462337156
-75.850098765175498, 36.615651462492257
-75.848398764511298, 36.614705462647358
-75.846698763847099, 36.613759462802459
-75.8449987631829, 36.61281346295756
-75.8432987625187, 36.611867463112661
-75.841598761854501, 36.610921463267762
-75.839898761190301, 36.609975463422863
-75.838198760526102, 36.609029463577964
-75.836498759861902, 36.608083463733065
-75.834798759197703, 36.607137463888166
-75.833098758533503, 36.606191464043267
-75.831398757869304, 36.605245464198368
-75.829698757205105, 36.604299464353469
-75.827998756540905, 36.60335346450857
-75.826298755876706, 36.602407464663671
-75.824598755212506, 36.601461464818772
-75.822898754548307, 36.600515464973873
-75.821198753884107, 36.599569465128974
-75.819498753219908, 36.598623465284075
-75.817798752555708, 36.597677465439176
-75.816098751891509, 36.596731465594277
-75.81439875122731, 36.595785465749378
-75.81269875056311, 36.594839465904479
-75.810998749898911, 36.59389346605958
-75.809298749234711, 36.592947466214681
-75.807598748570512, 36.592001466369782
-75.805898747906312, 36.591055466524883
-75.804198747242113, 36.590109466679984
-75.802498746577913, 36.589163466835085
-75.800798745913714, 36.588217466990186
-75.799098745249515, 36.587271467145287
-75.797398744585315, 36.586325467300388
-75.795698743921116, 36.585379467455489
-75.793998743256916, 36.58443346761059
-75.792298742592717, 36.583487467765691
-75.790598741928517, 36.582541467920792
-75.788898741264318, 36.581595468075893
-75.787198740600118, 36.580649468230994
-75.785498739935919, 36.579703468386095
-75.78379873927172, 36.578757468541196
-75.78209873860752, 36.577811468696297
-75.780398737943321, 36.576865468851398
-75.778698737279121, 36.575919469006499
-75.776998736614922, 36.5749734691616
-75.775298735950722, 36.574027469316701
-75.773598735286523, 36.573081469471802
-75.771898734622323, 36.572135469626903
-75.770198733958124, 36.571189469782004
-75.768498733293925, 36.570243469937105
-75.766798732629725, 36.569297470092206
-75.765098731965526, 36.568351470247307
-75.763398731301326, 36.567405470402408
-75.761698730637127, 36.566459470557509
-75.759998729972927, 36.56551347071261
-75.758298729308728, 36.564567470867711
-75.756598728644528, 36.563621471022812
-75.754898727980329, 36.562675471177913
-75.75319872731613, 36.561729471333014
-75.75149872665193, 36.560783471488115
-75.749798725987731, 36.559837471643216
-75.748098725323531, 36.558891471798317
-75.746398724659332, 36.557945471953418
-75.744698723995132, 36.556999472108519
-75.742998723330933, 36.55605347226362
-75.741298722666733, 36.555107472418721
-75.739598722002534, 36.554161472573822
-75.737898721338335, 36.553215472728923
-75.736198720674135, 36.552269472884024
-75.734498720009936, 36.551323473039125
-75.732798719345736, 36.550377473194226
-75.731098718681537, 36.549431473349327
-75.729398718017337, 36.548485473504428
-75.727698717353138, 36.547539473659529
-75.725998716688938, 36.54659347381463
-75.724298716024739, 36.545647473969731
-75.72259871536054, 36.544701474124832
-75.72089871469634, 36.543755474279933
-75.719198714032141, 36.542809474435034
-75.717498713367941, 36.541863474590135
-75.715798712703742, 36.540917474745236
-75.714098712039542, 36.539971474900337
-75.712398711375343, 36.539025475055438
-75.710698710711143, 36.538079475210539
-75.708998710046944, 36.53713347536564
-75.707298709382745, 36.536187475520741
-75.705598708718545, 36.535241475675842
-75.703898708054346, 36.534295475830943
-75.702198707390146, 36.533349475986044
-75.700498706725947, 36.532403476141145
-75.698798706061747, 36.531457476296246
-75.697098705397548, 36.530511476451347
-75.695398704733348, 36.529565476606448
-75.693698704069149, 36.528619476761549
-75.69199870340495, 36.52767347691665
-75.69029870274075, 36.526727477071751
-75.688598702076551, 36.525781477226852
-75.686898701412351, 36.524835477381953
-75.685198700748152, 36.523889477537054
-75.683498700083952, 36.522943477692155
-75.681798699419753, 36.521997477847256
-75.680098698755553, 36.521051478002357
-75.678398698091354, 36.520105478157458
-75.676698697427155, 36.519159478312559
-75.674998696762955, 36.51821347846766
-75.673298696098756, 36.517267478622761
-75.671598695434556, 36.516321478777862
-75.669898694770357, 36.515375478932963
-75.668198694106157, 36.514429479088064
-75.666498693441958, 36.513483479243165
-75.664798692777758, 36.512537479398266
-75.663098692113559, 36.511591479553367
-75.66139869144936, 36.510645479708468
-75.65969869078516, 36.509699479863569
-75.657998690120961, 36.50875348001867
-75.656298689456761, 36.507807480173771
-75.654598688792562, 36.506861480328872
-75.652898688128362, 36.505915480483973
-75.651198687464163, 36.504969480639074
-75.649498686799963, 36.504023480794175
-75.647798686135764, 36.503077480949276
-75.646098685471565, 36.502131481104377
-75.644398684807365, 36.501185481259478
-75.642698684143166, 36.500239481414579
-75.640998683478966, 36.49929348156968
-75.639298682814767, 36.498347481724781
-75.637598682150567, 36.497401481879882
-75.635898681486368, 36.496455482034983
-75.634198680822168, 36.495509482190084
-75.632498680157969, 36.494563482345185
-75.63079867949377, 36.493617482500286
-75.62909867882957, 36.492671482655387
-75.627398678165371, 36.491725482810488
-75.625698677501171, 36.490779482965589
-75.623998676836972, 36.48983348312069
-75.622298676172772, 36.488887483275791
-75.620598675508573, 36.487941483430892
-75.618898674844373, 36.486995483585993
-75.617198674180174, 36.486049483741094
-75.615498673515975, 36.485103483896195
-75.613798672851775, 36.484157484051296
-75.612098672187576, 36.483211484206397
-75.610398671523376, 36.482265484361498
-75.608698670859177, 36.481319484516599
-75.606998670194977, 36.4803734846717
-75.605298669530778, 36.479427484826801
-75.603598668866578, 36.478481484981902
-75.601898668202379, 36.477535485137003
-75.60019866753818, 36.476589485292104
-75.59849866687398, 36.475643485447205
-75.596798666209781, 36.474697485602306
-75.595098665545581, 36.473751485757407
-75.593398664881382, 36.472805485912508
-75.591698664217182, 36.471859486067609
-75.589998663552983, 36.47091348622271
-75.588298662888783, 36.469967486377811
-75.586598662224584, 36.469021486532912
-75.584898661560385, 36.468075486688013
-75.583198660896185, 36.467129486843114
-75.581498660231986, 36.466183486998215
-75.579798659567786, 36.465237487153316
-75.578098658903587, 36.464291487308417
-75.576398658239387, 36.463345487463518
-75.574698657575188, 36.462399487618619
-75.572998656910988, 36.46145348777372
-75.571298656246789, 36.460507487928821
-75.56959865558259, 36.459561488083922
-75.56789865491839, 36.458615488239023
-75.566198654254191, 36.457669488394124
-75.564498653589991, 36.456723488549225
-75.562798652925792, 36.455777488704326
-75.561098652261592, 36.454831488859427
-75.559398651597393, 36.453885489014528
-75.557698650933193, 36.452939489169629
-75.555998650268994, 36.45199348932473
-75.554298649604795, 36.451047489479831
-75.552598648940595, 36.450101489634932
-75.550898648276396, 36.449155489790033
-75.549198647612196, 36.448209489945134
-75.547498646947997, 36.447263490100235
-75.545798646283797, 36.446317490255336
-75.544098645619598, 36.445371490410437
-75.542398644955398, 36.444425490565538
-75.540698644291199, 36.443479490720639
-75.538998643627, 36.44253349087574
-75.5372986429628, 36.441587491030841
-75.535598642298601, 36.440641491185942
-75.533898641634401, 36.439695491341043
-75.532198640970202, 36.438749491496144
-75.530498640306002, 36.437803491651245
-75.528798639641803, 36.436857491806346
-75.527098638977603, 36.435911491961447
-75.525398638313404, 36.434965492116548
-75.523698637649205, 36.434019492271649
-75.521998636985005, 36.43307349242675
-75.520298636320806, 36.432127492581851
-75.518598635656606, 36.431181492736952
-75.516898634992407, 36.430235492892053
-75.515198634328207, 36.429289493047154
-75.513498633664008, 36.428343493202255
-75.511798633999808, 36.427397493357356
-75.510098633335609, 36.426451493512457
-75.50839863267141, 36.425505493667558
-75.50669863200721, 36.424559493822659
-75.504998631343011, 36.42361349397776
-75.503298630678811, 36.422667494132861
-75.501598630014612, 36.421721494287962
-75.499898629350412, 36.420775494443063
-75.498198628686213, 36.419829494598164
-75.496498628022013, 36.418883494753265
-75.494798627357814, 36.417937494908366
-75.493098626693615, 36.416991495063467
-75.491398626029415, 36.416045495218568
-75.489698625365216, 36.415099495373669
-75.487998624701016, 36.41415349552877
-75.486298624036817, 36.413207495683871
-75.484598623372617, 36.412261495838972
-75.482898622708418, 36.411315495994073
-75.481198622044218, 36.410369496149174
-75.479498621380019, 36.409423496304275
-75.47779862071582, 36.408477496459376
-75.47609862005162, 36.407531496614477
-75.474398619387421, 36.406585496769578
-75.472698618723221, 36.405639496924679
-75.470998618059022, 36.40469349707978
-75.469298617394822, 36.403747497234881
-75.467598616730623, 36.402801497389982
-75.465898616066423, 36.401855497545083
-75.464198615402224, 36.400909497700184
-75.462498614738025, 36.399963497855285
-75.460798614073825, 36.399017498010386
-75.459098613409626, 36.398071498165487
-75.457398612745426, 36.397125498320588
-75.455698612081227, 36.396179498475689
-75.453998611417027, 36.39523349863079
-75.452298610752828, 36.394287498785891
-75.450598610088628, 36.393341498940992
-75.448898609424429, 36.392395499096093
-75.44719860876023, 36.391449499251194
-75.44549860809603, 36.390503499406295
-75.443798607431831, 36.389557499561396
-75.442098606767631, 36.388611499716497
-75.440398606103432, 36.387665499871598
-75.438698605439232, 36.386719500026699
-75.436998604775033, 36.3857735001818
-75.435298604110833, 36.384827500336901
-75.433598603446634, 36.383881500492002
-75.431898602782435, 36.382935500647103
-75.430198602118235, 36.381989500802204
-75.428498601454036, 36.381043500957305
-75.426798600789836, 36.380097501112406
-75.425098600125637, 36.379151501267507
-75.423398599461437, 36.378205501422608
-75.421698598797238, 36.377259501577709
-75.419998598133038, 36.37631350173281
-75.418298597468839, 36.375367501887911
-75.41659859680464, 36.374421502043012
-75.41489859614044, 36.373475502198113
-75.413198595476241, 36.372529502353214
-75.411498594812041, 36.371583502508315
-75.409798594147842, 36.370637502663416
-75.408098593483642, 36.369691502818517
-75.406398592819443, 36.368745502973618
-75.404698592155243, 36.367799503128719
-75.402998591491044, 36.36685350328382
-75.401298590826845, 36.365907503438921
-75.399598590162645, 36.364961503594022
-75.397898589498446, 36.364015503749123
-75.396198588834246, 36.363069503904224
-75.394498588170047, 36.362123504059325
-75.392798587505847, 36.361177504214426
-75.391098586841648, 36.360231504369527
-75.389398586177448, 36.359285504524628
-75.387698585513249, 36.358339504679729
-75.38599858484905, 36.35739350483483
-75.38429858418485, 36.356447504989931
-75.382598583520651, 36.355501505145032
-75.380898582856451, 36.354555505300133
-75.379198582192252, 36.353609505455234
-75.377498581528052, 36.352663505610335
-75.375798580863853, 36.351717505765436
-75.374098580199653, 36.350771505920537
-75.372398579535454, 36.349825506075638
-75.370698578871255, 36.348879506230739
-75.368998578207055, 36.34793350638584
-75.367298577542856, 36.346987506540941
-75.365598576878656, 36.346041506696042
-75.363898576214457, 36.345095506851143
-75.362198575550257, 36.344149507006244
-75.360498574886058, 36.343203507161345
-75.358798574221858, 36.342257507316446
-75.357098573557659, 36.341311507471547
-75.35539857289346, 36.340365507626648
-75.35369857222926, 36.339419507781749
-75.351998571565061, 36.33847350793685
-75.350298570900861, 36.337527508091951
-75.348598570236662, 36.336581508247052
-75.346898569572462, 36.335635508402153
-75.345198568908263, 36.334689508557254
-75.343498568244063, 36.333743508712355
-75.341798567579864, 36.332797508867456
-75.340098566915665, 36.331851509022557
-75.338398566251465, 36.330905509177658
-75.336698565587266, 36.329959509332759
-75.334998564923066, 36.32901350948786
-75.333298564258867, 36.328067509642961
-75.331598563594667, 36.327121509798062
-75.329898562930468, 36.326175509953163
-75.328198562266268, 36.325229510108264
-75.326498561602069, 36.324283510263365
-75.32479856093787, 36.323337510418466
-75.32309856027367, 36.322391510573567
-75.321398559609471, 36.321445510728668
-75.319698558945271, 36.320499510883769
-75.317998558281072, 36.31955351103887
-75.316298557616872, 36.318607511193971
-75.314598556952673, 36.317661511349072
-75.312898556288473, 36.316715511504173
-75.311198555624274, 36.315769511659274
-75.309498554960075, 36.314823511814375
-75.307798554295875, 36.313877511969476
-75.306098553631676, 36.312931512124577
-75.304398552967476, 36.311985512279678
-75.302698552303277, 36.311039512434779
-75.300998551639077, 36.31009351258988
-75.299298550974878, 36.309147512744981
-75.297598550310678, 36.308201512900082
-75.295898549646479, 36.307255513055183
-75.29419854898228, 36.306309513210284
-75.29249854831808, 36.305363513365385
-75.290798547653881, 36.304417513520486
-75.289098546989681, 36.303471513675587
-75.287398546325482, 36.302525513830688
-75.285698545661282, 36.301579513985789
-75.283998544997083, 36.30063351414089
-75.282298544332883, 36.299687514295991
-75.280598543668684, 36.298741514451092
-75.278898543004485, 36.297795514606193
-75.277198542340285, 36.296849514761294
-75.275498541676086, 36.295903514916395
-75.273798541011886, 36.294957515071496
-75.272098540347687, 36.294011515226597
-75.270398539683487, 36.293065515381698
-75.268698539019288, 36.292119515536799
-75.266998538355088, 36.2911735156919
-75.265298537690889, 36.290227515847001
-75.26359853702669, 36.289281516002102
-75.26189853636249, 36.288335516157203
-75.260198535698291, 36.287389516312304
-75.258498535034091, 36.286443516467405
-75.256798534369892, 36.285497516622506
-75.255098533705692, 36.284551516777607
-75.253398533041493, 36.283605516932708
-75.251698532377293, 36.282659517087809
-75.249998531713094, 36.28171351724291
-75.248298531048895, 36.280767517398011
-75.246598530384695, 36.279821517553112
-75.244898529720496, 36.278875517708213
-75.243198529056296, 36.277929517863314
-75.241498528392097, 36.276983518018415
-75.239798527727897, 36.276037518173516
-75.238098527063698, 36.275091518328617
-75.236398526399498, 36.274145518483718
-75.234698525735299, 36.273199518638819
-75.2329985250711, 36.27225351879392
-75.2312985244069, 36.271307518949021
-75.229598523742701, 36.270361519104122
-75.227898523078501, 36.269415519259223
-75.226198522414302, 36.268469519414324
-75.224498521750102, 36.267523519569425
-75.222798521085903, 36.266577519724526
-75.221098520421703, 36.265631519879627
-75.219398519757504, 36.264685520034728
-75.217698519093305, 36.263739520189829
-75.215998518429105, 36.26279352034493
-75.214298517764906, 36.261847520500031
-75.212598517100706, 36.260901520655132
-75.210898516436507, 36.259955520810233
-75.209198515772307, 36.259009520965334
-75.207498515108108, 36.258063521120435
-75.205798514443908, 36.257117521275536
-75.204098513779709, 36.256171521430637
-75.20239851311551, 36.255225521585738
-75.20069851245131, 36.254279521740839
-75.198998511787111, 36.25333352189594
-75.197298511122911, 36.252387522051041
-75.195598510458712, 36.251441522206142
-75.193898509794512, 36.250495522361243
-75.192198509130313, 36.249549522516344
-75.190498508466113, 36.248603522671445
-75.188798507801914, 36.247657522826546
-75.187098507137715, 36.246711522981647
-75.185398506473515, 36.245765523136748
-75.183698505809316, 36.244819523291849
-75.181998505145116, 36.24387352344695
-75.180298504480917, 36.242927523602051
-75.178598503816717, 36.241981523757152
-75.176898503152518, 36.241035523912253
-75.175198502488318, 36.240089524067354
-75.173498501824119, 36.239143524222455
-75.17179850115992, 36.238197524377556
-75.17009850049572, 36.237251524532657
-75.168398499831521, 36.236305524687758
-75.166698499167321, 36.235359524842859
-75.164998498503122, 36.23441352499796
-75.163298497838922, 36.233467525153061
-75.161598497174723, 36.232521525308162
-75.159898496510523, 36.231575525463263
-75.158198495846324, 36.230629525618364
-75.156498495182125, 36.229683525773465
-75.154798494517925, 36.228737525928566
-75.153098493853726, 36.227791526083667
-75.151398493189526, 36.226845526238768
-75.149698492525327, 36.225899526393869
-75.147998491861127, 36.22495352654897
-75.146298491196928, 36.224007526704071
-75.144598490532728, 36.223061526859172
-75.142898489868529, 36.222115527014273
-75.14119848920433, 36.221169527169374
-75.13949848854013, 36.220223527324475
-75.137798487875931, 36.219277527479576
-75.136098487211731, 36.218331527634677
-75.134398486547532, 36.217385527789778
-75.132698485883332, 36.216439527944879
-75.130998485219133, 36.21549352809998
-75.129298484554933, 36.214547528255081
-75.127598483890734, 36.213601528410182
-75.125898483226535, 36.212655528565283
-75.124198482562335, 36.211709528720384
-75.122498481898136, 36.210763528875485
-75.120798481233936, 36.209817529030586
-75.119098480569737, 36.208871529185687
-75.117398479905537, 36.207925529340788
-75.115698479241338, 36.206979529495889
-75.113998478577138, 36.20603352965099
-75.112298477912939, 36.205087529806091
-75.11059847724874, 36.204141529961192
-75.10889847658454, 36.203195530116293
-75.107198475920341, 36.202249530271394
-75.105498475256141, 36.201303530426495
-75.103798474591942, 36.200357530581596
-75.102098473927742, 36.199411530736697
-75.100398473263543, 36.198465530891798
-75.098698472599343, 36.197519531046899
-75.096998471935144, 36.196573531202
-75.095298471270945, 36.195627531357101
-75.093598470606745, 36.194681531512202
-75.091898469942546, 36.193735531667303
-75.090198469278346, 36.192789531822404
-75.088498468614147, 36.191843531977505
-75.086798467949947, 36.190897532132606
-75.085098467285748, 36.189951532287707
-75.083398466621548, 36.189005532442808
-75.081698465957349, 36.188059532597909
-75.07999846529315, 36.18711353275301
-75.07829846462895, 36.186167532908111
-75.076598463964751, 36.185221533063212
-75.074898463300551, 36.184275533218313
-75.073198462636352, 36.183329533373414
-75.071498461972152, 36.182383533528515
-75.069798461307953, 36.181437533683616
-75.068098460643753, 36.180491533838717
-75.066398459979554, 36.179545533993818
-75.064698459315355, 36.178599534148919
-75.062998458651155, 36.17765353430402
-75.061298457986956, 36.176707534459121
-75.059598457322756, 36.175761534614222
-75.057898456658557, 36.174815534769323
-75.056198455994357, 36.173869534924424
-75.054498455330158, 36.172923535079525
-75.052798454665958, 36.171977535234626
-75.051098454001759, 36.171031535389727
-75.04939845333756, 36.170085535544828
-75.04769845267336, 36.169139535699929
-75.045998452009161, 36.16819353585503
-75.044298451344961, 36.167247536010131
-75.042598450680762, 36.166301536165232
-75.040898450016562, 36.165355536320333
-75.039198449352363, 36.164409536475434
-75.037498448688163, 36.163463536630535
-75.035798448023964, 36.162517536785636
-75.034098447359765, 36.161571536940737
-75.032398446695565, 36.160625537095838
-75.030698446031366, 36.159679537250939
-75.028998445367166, 36.15873353740604
-75.027298444702967, 36.157787537561141
-75.025598444038767, 36.156841537716242
-75.023898443374568, 36.155895537871343
-75.022198442710368, 36.154949538026444
-75.020498442046169, 36.154003538181545
-75.01879844138197, 36.153057538336646
-75.01709844071777, 36.152111538491747
-75.015398440053571, 36.151165538646848
-75.013698439389371, 36.150219538801949
-75.011998438725172, 36.14927353895705
-75.010298438060972, 36.148327539112151
-75.008598437396773, 36.147381539267252
-75.006898436732573, 36.146435539422353
-75.005198436068374, 36.145489539577454
-75.003498435404175, 36.144543539732555
-75.001798434739975, 36.143597539887656
-75.000098434075776, 36.142651540042757
-74.998398433411576, 36.141705540197858
-74.996698432747377, 36.140759540352959
-74.994998432083177, 36.13981354050806
-74.993298431418978, 36.138867540663161
-74.991598430754778, 36.137921540818262
-74.989898430090579, 36.136975540973363
-74.98819842942638, 36.136029541128464
-74.98649842876218, 36.135083541283565
-74.984798428097981, 36.134137541438666
-74.983098427433781, 36.133191541593767
-74.981398426769582, 36.132245541748868
-74.979698426105382, 36.131299541903969
-74.977998425441183, 36.13035354205907
-74.976298424776983, 36.129407542214171
-74.974598424112784, 36.128461542369272
-74.972898423448585, 36.127515542524373
-74.971198422784385, 36.126569542679474
-74.969498422120186, 36.125623542834575
-74.967798421455986, 36.124677542989676
-74.966098420791787, 36.123731543144777
-74.964398420127587, 36.122785543299878
-74.962698419463388, 36.121839543454979
-74.960998418799188, 36.12089354361008
-74.959298418134989, 36.119947543765181
-74.95759841747079, 36.119001543920282
-74.95589841680659, 36.118055544075383
-74.954198416142391, 36.117109544230484
-74.952498415478191, 36.116163544385585
-74.950798414813992, 36.115217544540686
-74.949098414149792, 36.114271544695787
-74.947398413485593, 36.113325544850888
-74.945698412821393, 36.112379545005989
-74.943998412157194, 36.11143354516109
-74.942298411492995, 36.110487545316191
-74.940598410828795, 36.109541545471292
-74.938898410164596, 36.108595545626393
-74.937198409500396, 36.107649545781494